6202 8973
5469 4625
5916 2038
5533 3405
2469 7004
4992 9853
9819 361
7195 3294
9404 4036
5404 8767
3214 1711
3751 3100
5437 2139
1759 4993
6270 9572
9623 3789
9493 2472
5589 6170
9576 5408
2411 2200
2052 3123
3484 8482
2855 2949
6985 1758
524 3337
5048 3468
6568 4818
6957 8800
4871 3083
3733 8716
2504 1140
3612 3356
604 3076
8484 279
2479 1258
5461 1974
455 5610
8560 8945
1781 4389
7727 6623
1169 3385
8203 2774
2652 7737
820 6238
4953 7523
8664 4553
8988 8536
1611 3354
3634 671
1929 1174
4227 7192
2802 7390
7414 5761
150 2440
141 273
4737 7877
1729 1311
126 4018
255 4382
1904 2025
7658 6287
4823 1646
5001 6645
